33.00653333333334
33.16043333333333
33.188399999999994
33.2384
33.33203333333333
33.39726666666667
33.49283333333333
33.631099999999996
33.77593333333333
33.906099999999995
34.054066666666664
34.33423333333333
34.53143333333333
34.63253333333333
34.81103333333333
34.99603333333333
35.21983333333333
35.2883
35.2147
35.046033333333334
34.7641
34.698899999999995
34.721466666666664
34.77316666666667
34.80566666666667
34.95883333333333
35.07153333333333
35.19736666666667
35.3073
35.530433333333335
35.6785
35.653666666666666
35.58696666666666
35.621766666666666
35.8014
36.00733333333333
36.20439999999999
36.29463333333333
36.26136666666666
36.17693333333333
36.157266666666665
36.2628
36.383266666666664
36.4482
36.5274
36.58206666666666
36.579433333333334
36.4354
36.254599999999996
36.23909999999999
36.22553333333333
36.1667
35.8491
35.653999999999996
35.5725
35.62446666666666
35.4388
35.29366666666667
35.2637
35.4227
35.49476666666666
35.50546666666666
35.58823333333333
35.6183
35.643766666666664
35.72366666666667
35.8588
36.011266666666664
35.991166666666665
35.84963333333333
35.71213333333333
35.62873333333333
35.66993333333333
35.67466666666667
35.75813333333333
35.8788
35.8839
35.81516666666667
35.753033333333335
35.7386
35.663399999999996
35.395466666666664
35.24683333333333
35.04076666666667
34.93233333333333
34.7628
34.72963333333333
34.73976666666667
34.7065
34.615966666666665
34.4629
34.3673
34.22373333333333
34.21603333333333
34.274566666666665
34.4649
34.624266666666664
34.757333333333335
34.87846666666666
35.013333333333335
35.01853333333333
34.90046666666667
34.63063333333333
34.451899999999995
34.34036666666667
34.41873333333333
34.565866666666665
34.732699999999994
34.645066666666665
34.5149
34.33373333333333
34.22663333333333
34.05596666666666
33.879666666666665
33.7628
33.7416
33.9005
34.106833333333334
34.224
34.256033333333335
34.36253333333333
34.439499999999995
34.356899999999996
34.1123
33.98976666666667
34.068999999999996
34.248
34.357033333333334
34.51913333333333
34.7826
35.0175
35.09713333333333
34.9796
34.9758
34.98073333333333
35.15926666666667
35.344366666666666
35.5689
35.6016
35.6327
35.6105
35.7288
35.85646666666666
36.05283333333333
36.268633333333334
36.24773333333333
36.194199999999995
36.119566666666664
36.116899999999994
36.0877
36.02343333333333
36.046733333333336
36.12093333333333
36.2217
36.18613333333333
36.1515
36.0862
36.13186666666667
36.1936
36.458866666666665
36.8438
37.19136666666667
37.32026666666667
37.1567
37.01466666666666
36.93743333333333
37.01153333333333
37.093999999999994
37.1904
37.39986666666666
37.672133333333335
38.11546666666666
38.35476666666666
38.499700000000004
38.40223333333333
38.47083333333333
38.552933333333335
38.5428
38.4503
38.46933333333333
38.803866666666664
39.164833333333334
39.476866666666666
39.53046666666667
39.635266666666666
39.742466666666665
39.80723333333333
39.90186666666666
39.9012
40.05813333333333
40.17253333333333
40.355999999999995
40.59903333333333
40.73923333333333
40.91076666666667
40.89073333333333
40.9922
40.966233333333335
41.171
41.42433333333334
41.751866666666665
42.051066666666664
42.33186666666667
42.8134
42.66983333333333
43.2521
43.84913333333333
45.8207
46.318466666666666
46.574
46.06083333333333
46.13773333333333
46.617733333333334
46.9494
47.23486666666667
47.114000000000004
46.9046
46.5089
45.76083333333334
45.184533333333334
45.395133333333334
46.354366666666664
47.8031
49.597233333333335
50.6322
52.3189
52.61436666666666
53.3947
53.03663333333333
53.542766666666665
53.93176666666666
54.426866666666655
55.32029999999999
56.67706666666666
58.7964
62.42746666666666
62.846399999999996
62.69016666666666
58.92646666666666
57.2484
55.184666666666665
53.89196666666666
53.04716666666666
53.77676666666666
54.99093333333333
56.39203333333333
58.41076666666666
61.27213333333333
64.55903333333333
65.25816666666665
65.36859999999999
64.99356666666665
65.0444
65.17173333333334
65.314
64.78293333333333
64.79556666666666
65.60066666666665
66.85319999999999
67.89873333333333
68.27
69.1078
68.7886
67.6279
67.27699999999999
66.70049999999999
66.81206666666667
65.75726666666665
65.76236666666667
65.86826666666667
65.74803333333332
64.61626666666666
63.52823333333333
62.63286666666666
62.45536666666666
62.08476666666667
62.454166666666666
62.60746666666667
62.269933333333334
61.52443333333333
61.402499999999996
61.95383333333333
62.154733333333326
62.02836666666667
61.238
60.8348
61.11279999999999
61.43469999999999
61.65196666666666
61.47529999999999
61.73913333333333
61.74966666666666
60.976699999999994
60.4044
59.77003333333333
59.41676666666667
58.5347
57.528666666666666
57.18096666666666
57.539766666666665
57.9474
58.155966666666664
57.6646
57.36573333333333
56.75323333333333
56.20076666666667
55.29196666666667
53.9674
52.54573333333333
52.01073333333333
51.821566666666655
51.633399999999995
50.717699999999994
50.2359
50.57503333333333
52.007666666666665
53.04966666666667
53.07646666666666
51.83463333333333
51.1058
51.340133333333334
51.825333333333326
51.715266666666665
51.53303333333333
50.959266666666664
50.70016666666666
50.364733333333334
50.675533333333334
50.40056666666667
50.176
49.875166666666665
49.7688
49.4689
49.3957
49.629999999999995
49.83413333333333
49.85726666666666
49.99123333333333
50.40046666666666
51.21026666666666
52.09336666666667
52.69453333333334
53.078066666666665
53.1072
53.83036666666666
54.765366666666665
55.7602
56.066599999999994
55.59179999999999
55.0868
54.872766666666664
54.61243333333333
54.402899999999995
53.75696666666666
53.67686666666667
53.562533333333334
53.855199999999996
53.946533333333335
54.295100000000005
54.4966
54.97973333333333
55.39263333333333
55.613633333333325
55.657466666666664
55.57866666666666
55.89053333333333
56.411766666666665
56.94926666666667
57.13896666666666
56.9554
56.75223333333332
56.75126666666666
56.749833333333335
56.864
56.81896666666667
56.875433333333326
56.892799999999994
56.9531
57.12783333333333
57.47279999999999
58.05893333333332
59.01403333333333
59.5904
59.660066666666665
59.700966666666666
60.601366666666664
61.91056666666666
62.70143333333333
63.167
63.47423333333333
64.06733333333332
63.84913333333333
64.24146666666667
64.07516666666666
64.65066666666667
64.81283333333333
65.42286666666666
65.68483333333333
66.17063333333334
66.93486666666666
68.60963333333333
69.60473333333333
70.00226666666666
68.90253333333334
67.74646666666666
66.88013333333333
66.18086666666667
66.24676666666667
66.3451
67.1236
67.7272
68.32153333333333
68.3005
68.30373333333333
68.04243333333332
68.15416666666667
67.70793333333333
67.01393333333333
66.149
65.6447
65.71743333333333
65.98823333333333
66.12039999999999
66.2436
66.07626666666667
65.91159999999999
65.8188
65.84003333333332
65.66890000000001
65.57046666666668
65.53326666666666
65.55413333333333
64.47569999999999
63.36549999999999
62.09899999999999
61.58146666666667
61.557966666666665
62.16733333333333
62.53059999999999
62.242266666666666
61.68129999999999
61.654199999999996
62.078266666666664
62.527233333333335
62.44943333333333
62.407066666666665
62.64426666666667
63.77336666666666
64.3283
64.61956666666666
64.11403333333334
64.00866666666667
63.683633333333326
63.64493333333333
63.9143
64.24486666666667
64.54023333333333
64.80473333333333
65.55256666666666
66.18303333333333
66.19163333333333
65.57303333333333
65.0568
64.8526
65.12553333333332
65.36186666666666
65.56573333333333
65.5945
65.8006
66.21996666666666
66.41156666666666
66.57853333333333
66.92256666666665
67.39303333333334
67.98483333333333
68.496
69.00606666666667
69.23923333333333
69.19686666666666
69.53833333333333
70.07646666666666
70.48503333333333
70.60376666666666
70.76776666666666
71.05246666666667
71.23263333333333
71.10323333333332
70.52363333333332
70.2396
70.19066666666666
71.18736666666666
72.0586
72.77306666666667
73.9211
75.16156666666666
76.32743333333333
76.5182
76.50516666666665
77.25193333333333
77.90633333333332
78.8718
80.51296666666666
81.20803333333333
80.65306666666666
80.06909999999999
79.54426666666666
79.40123333333332
77.17886666666666
76.2887
76.47533333333334
77.83766666666666
77.8825
77.68703333333333
76.88773333333333
77.6276
78.2036
78.9546
79.22613333333334
78.79623333333333
77.83976666666666
77.2915
76.51759999999999
76.55783333333332
76.31859999999999
76.63036666666666
76.63943333333333
75.95866666666666
75.79419999999999
75.01443333333333
74.5262
73.83446666666666
73.54506666666667
73.12903333333333
72.21856666666666
71.25899999999999
70.5179
70.3339
70.57353333333333
70.04206666666667
69.32933333333332
68.59033333333333
68.32919999999999
68.0753
68.1167
68.3361
68.3827
68.32339999999999
68.04773333333333
68.07256666666666
67.5346
67.8905
68.23546666666667
68.69563333333332
68.40253333333334
67.9279
67.4624
66.97893333333333
66.41226666666667
66.2024
66.10226666666665
66.93766666666667
66.655
66.65206666666666
65.56973333333333
65.76053333333334
65.95823333333334
66.43506666666667
66.08239999999999
65.577
64.86949999999999
65.20616666666666
65.46566666666666
66.08546666666666
66.13743333333332
66.25443333333334
65.84373333333333
65.37803333333332
64.92693333333332
64.77796666666666
64.82246666666666
65.26296666666667
65.88419999999999
66.54533333333333
66.82476666666666
66.6639
66.05013333333333
65.71413333333334
65.77666666666667
66.03999999999999
66.23143333333333
66.45363333333333
66.7392
66.46379999999999
65.9504
65.226
64.54293333333334
64.37586666666667
64.82616666666667
65.5513
65.936
65.73906666666666
65.15083333333334
64.58833333333334
64.01379999999999
64.07056666666666
64.52203333333333
64.96956666666667
65.13233333333334
64.70859999999999
64.41416666666666
64.14983333333332
63.9588
63.98949999999999
64.19413333333333
64.31599999999999
64.30973333333333
64.16706666666667
64.11803333333333
63.98613333333333
63.777766666666665
63.533366666666666
63.28746666666666
63.0914
63.17426666666667
63.38156666666667
63.92753333333333
64.42756666666666
65.09539999999998
65.5353
65.93333333333332
66.37013333333333
66.37299999999999
66.62936666666667
66.52629999999999
66.67256666666667
66.23293333333334
65.6789
65.14246666666666
64.8928
64.8494
64.69993333333333
64.49789999999999
64.16513333333333
64.05109999999999
63.831466666666664
63.82736666666666
63.898533333333326
64.3051
64.59673333333333
64.84276666666665
64.83263333333332
64.92163333333332
64.90873333333333
65.08056666666667
65.1391
65.45949999999999
65.29646666666666
65.15446666666665
64.65846666666667
64.39466666666667
64.17169999999999
64.3962
64.67526666666666
64.94593333333333
65.00029999999998
65.06156666666666
65.04276666666667
64.88753333333332
64.70366666666666
64.32929999999999
64.0336
63.93633333333333
63.9023
63.9312
63.60036666666666
63.50166666666666
63.03393333333332
62.791999999999994
62.47943333333333
62.42686666666667
62.3838
62.360499999999995
62.29536666666666
62.39073333333333
62.7101
62.976366666666664
63.16363333333333
63.011466666666664
62.875033333333334
62.63116666666666
62.48446666666666
62.368066666666664
62.24426666666666
62.18086666666667
62.449200000000005
62.734433333333335
63.053666666666665
63.107866666666666
63.27883333333333
63.37446666666666
63.609433333333335
63.716033333333336
63.845533333333336
63.68176666666666
64.1752
64.83063333333334
65.54353333333333
65.32006666666666
65.0055
64.85466666666667
64.7919
64.36283333333333
63.99829999999999
64.08826666666666
64.418
64.7202
64.82586666666666
65.0328
64.62126666666667
64.35723333333333
63.919233333333324
63.9837
63.90323333333333
63.725199999999994
63.534766666666656
62.757766666666654
61.984066666666656
61.152433333333335
61.171233333333326
61.398733333333325
61.72713333333333
61.780433333333335
61.56633333333333
61.25666666666666
60.94203333333333
60.875099999999996
60.8733
60.81133333333333
60.59953333333333
60.532266666666665
60.275333333333336
60.168766666666656
60.00359999999999
59.87083333333333
59.676399999999994
59.491499999999995
59.459399999999995
59.39706666666666
59.3122
59.401599999999995
59.508399999999995
59.46329999999999
59.28969999999999
59.333766666666655
59.70136666666666
60.038999999999994
60.18883333333333
60.185599999999994
60.12693333333333
59.8698
59.337199999999996
59.07303333333333
59.13943333333333
59.24323333333332
59.12736666666666
58.643699999999995
58.215466666666664
57.52419999999999
57.22046666666666
57.185599999999994
57.627199999999995
57.863299999999995
57.81063333333333
57.757433333333324
57.79199999999999
58.09246666666667
58.248999999999995
58.564733333333336
58.551199999999994
58.5033
58.477266666666665
58.770733333333325
59.06063333333333
59.101366666666664
59.066500000000005
58.77016666666666
58.43029999999999
57.82093333333333
57.483799999999995
57.38433333333333
57.4637
57.527833333333334
57.3236
57.12813333333333
56.99459999999999
56.779466666666664
56.454199999999986
56.15936666666666
56.21849999999999
56.196299999999994
56.295399999999994
56.416999999999994
56.91553333333333
57.08829999999999
57.033466666666655
56.7709
56.55066666666666
56.382299999999994
56.17476666666667
56.135033333333325
56.19036666666666
56.27416666666666
56.2422
56.0518
56.07926666666667
56.37636666666667
56.75586666666666
56.96876666666666
57.009433333333334
57.205299999999994
57.7341
58.06399999999999
57.912233333333326
57.454166666666666
56.9353
56.650033333333326
56.50813333333333
56.8223
57.12226666666666
57.042433333333335
56.73806666666667
56.442766666666664
56.29986666666666
56.3668
56.51223333333333
56.661133333333325
56.638333333333335
56.58056666666667
56.6375
56.613366666666664
56.659166666666664
56.6259
56.749399999999994
56.8585
56.96576666666667
56.98063333333333
57.12786666666666
57.40493333333333
57.71433333333333
58.092633333333325
58.845699999999994
59.5756
59.934866666666665
59.602
59.1807
59.142399999999995
59.170433333333335
59.33773333333333
59.14706666666666
59.19506666666666
59.25923333333333
59.6836
60.06683333333333
60.30773333333333
60.47343333333333
60.55459999999999
60.51533333333333
60.228966666666665
59.709966666666666
59.43893333333333
59.226
59.231533333333324
59.08553333333333
59.224
59.46939999999999
59.7953
59.71296666666666
59.621333333333325
59.67236666666666
59.81743333333333
60.16353333333333
60.39253333333333
60.55343333333333
60.37963333333333
60.12573333333333
60.0034
59.95983333333333
60.026066666666665
59.97203333333333
59.97096666666666
59.79256666666666
59.609233333333336
59.420766666666665
59.250366666666665
59.180566666666664
59.1039
59.1035
59.13949999999999
58.944733333333325
58.74216666666666
58.60316666666667
58.602666666666664
58.4439
58.1276
57.8959
57.65689999999999
57.44336666666666
57.15879999999999
57.10236666666666
57.14386666666666
57.36763333333333
57.56803333333333
57.65736666666667
57.6428
57.75236666666667
57.950833333333335
58.15083333333334
58.00196666666666
57.8143
57.5791
57.698266666666655
57.98476666666666
58.15086666666666
58.08526666666666
57.922599999999996
57.844699999999996
57.767266666666664
57.7085
57.8858
58.0492
58.10246666666667
57.89306666666666
57.7425
57.4642
57.348299999999995
57.23246666666667
57.393966666666664
57.451499999999996
57.51766666666666
57.52253333333333
57.5566
57.6545
57.82053333333333
57.90639999999999
58.02426666666667
58.0484
58.12016666666666
58.22406666666666
58.32406666666666
58.711099999999995
58.98546666666667
59.26049999999999
59.2386
59.361266666666666
59.684
59.95316666666666
59.9571
59.6323
59.45583333333333
59.247033333333334
58.97623333333333
58.6667
58.423766666666666
58.40719999999999
58.34029999999999
58.44166666666666
58.4769
58.69689999999999
58.73389999999999
58.87053333333333
58.97176666666666
59.16799999999999
59.27023333333334
59.11763333333333
59.072133333333326
58.89659999999999
58.91716666666667
58.76696666666666
58.7348
58.67423333333333
58.62943333333333
58.53059999999999
58.357899999999994
58.08279999999999
57.79586666666666
57.605933333333326
57.56123333333333
57.4252
57.1733
56.9718
56.82366666666667
56.6515
56.44886666666667
56.44573333333332
56.58
56.64713333333333
56.65833333333333
56.54226666666666
56.47546666666666
56.24303333333333
56.0488
56.01613333333333
56.137
56.255399999999995
56.24556666666666
56.162033333333326
56.30996666666667
56.6294
56.933566666666664
57.28216666666666
57.59956666666667
57.954166666666666
57.986333333333334
57.79236666666666
57.31726666666667
56.845699999999994
56.43033333333334
56.40643333333333
56.50586666666666
56.64486666666666
56.4451
56.11776666666667
55.9889
56.15976666666666
56.48973333333333
56.73166666666666
56.75523333333333
56.80173333333333
56.639133333333334
56.78306666666667
56.82843333333334
56.963966666666664
57.15006666666666
57.355033333333324
57.58319999999999
57.58359999999999
57.34593333333332
57.147233333333325
56.9834
57.09526666666667
57.24613333333333
57.49903333333333
57.52909999999999
57.43749999999999
57.36246666666666
57.52903333333333
57.62723333333333
57.72579999999999
57.99473333333333
59.59149999999999
61.667966666666665
62.83279999999999
62.519866666666665
61.925466666666665
61.61863333333333
61.65956666666666
61.18586666666666
61.2448
61.31533333333333
61.58403333333334
61.72643333333333
62.0055
62.35936666666666
62.44279999999999
62.73723333333333
62.89563333333332
63.134
62.974199999999996
62.7481
62.421633333333325
62.0089
61.80673333333333
61.99603333333334
62.01373333333333
62.02186666666667
62.09833333333333
61.9115
61.79606666666666
61.421499999999995
61.556466666666665
61.78196666666666
62.19296666666666
62.50223333333332
62.418166666666664
62.27269999999999
62.05113333333333
62.03893333333333
61.97253333333333
61.933699999999995
62.162299999999995
62.27453333333333
62.70916666666666
62.5702
62.68419999999999
62.80666666666666
63.41239999999999
63.72319999999999
63.82436666666666
63.54813333333333
63.32553333333333
62.99336666666666
62.9588
63.07256666666666
63.06113333333332
63.0623
63.03843333333333
63.195166666666665
63.235499999999995
63.2029
63.07193333333332
62.79986666666666
62.45866666666666
62.24946666666666
62.19919999999999
62.25173333333333
62.32806666666666
62.530466666666655
62.87013333333333
63.22133333333332
63.31969999999999
63.202666666666666
63.0676
62.984733333333324
63.001099999999994
62.90006666666666
62.700933333333325
62.56306666666666
62.6815
63.049899999999994
63.36273333333333
63.49829999999999
63.544999999999995
64.47436666666667
65.59603333333332
67.13883333333334
67.2948
67.11803333333333
66.67463333333333
66.71536666666665
66.98319999999998
67.07823333333333
67.32509999999999
67.77349999999998
67.97776666666665
67.90443333333332
67.52616666666665
67.64416666666665
67.87276666666665
68.09063333333333
67.95703333333333
68.0209
68.16026666666666
68.32900000000001
68.58063333333334
69.04919999999998
69.62383333333332
69.80523333333333
69.39473333333333
68.8308
68.3718
68.07676666666667
67.6525
67.07806666666667
66.57733333333333
66.29386666666667
66.07783333333333
65.91409999999999
65.80613333333332
65.72819999999999
65.66686666666666
65.4624
65.407
65.61933333333333
66.08763333333333
66.60233333333333
66.66623333333334
66.5183
66.45303333333332
66.31033333333333
66.1662
65.75213333333332
65.5613
65.5523
65.64679999999998
65.61476666666667
65.47686666666667
65.4155
65.56253333333333
65.67066666666668
65.73166666666665
65.74053333333333
65.72776666666665
65.67403333333333
65.60926666666666
65.74093333333333
65.88763333333333
66.0995
66.38566666666667
66.863
67.35156666666666
67.73416666666665
67.43153333333333
66.86883333333333
66.2057
65.86276666666666
65.8479
65.7141
65.74053333333333
65.92676666666667
66.31786666666666
66.7436
66.78593333333333
66.70376666666667
66.48660000000001
66.4241
66.521
66.66953333333333
66.82820000000001
66.634
66.5555
66.38876666666667
66.39323333333333
66.37039999999999
66.4365
66.59996666666666
66.8261
67.07616666666667
67.49719999999999
67.92893333333333
68.38686666666666
68.67953333333332
68.83583333333333
69.09483333333333
69.28953333333334
68.69063333333332
67.80353333333333
66.95223333333333
66.98973333333333
67.06356666666666
67.0119
66.76249999999999
66.51213333333332
66.37936666666667
66.41473333333332
66.41503333333333
66.29443333333333
66.08346666666665
65.94953333333333
66.06273333333333
66.1233
65.93253333333332
65.7055
65.53456666666666
65.60503333333332
65.60786666666667
65.75253333333333
65.9171
65.91146666666667
65.80973333333333
65.68156666666665
65.97863333333332
66.30853333333333
66.4981
66.38453333333334
66.102
65.86636666666666
65.63726666666666
65.43773333333333
65.46376666666666
65.54446666666666
65.75489999999999
65.82033333333332
65.83319999999999
65.80349999999999
65.81299999999999
65.86933333333333
65.9613
65.9361
65.8109
65.58616666666666
65.4704
65.16386666666666
64.80206666666666
64.42213333333333
64.113
63.93093333333333
64.00393333333332
64.14603333333334
64.42003333333334
64.52066666666666
64.70946666666666
64.9845
65.2083
65.35136666666666
65.32153333333333
65.29973333333334
65.3617
65.17786666666666
64.95456666666666
64.63766666666666
64.55116666666666
64.3877
64.33539999999999
64.1447
64.08533333333332
63.99133333333333
63.93833333333333
63.84559999999999
63.85213333333333
64.14993333333332
64.45483333333333
64.69213333333332
64.67613333333333
64.88603333333333
65.06099999999999
65.2601
65.3052
65.33303333333333
65.20643333333332
64.90293333333332
64.68046666666666
